2271
2268
2266
2264
2261
2259
2257
2255
2253
2251
2248
2247
2244
2242
2241
2239
2236
2235
2233
2231
2229
2227
2226
2224
2223
2221
2219
2217
2216
2215
2213
2212
2210
2209
2208
2207
2205
2204
2204
2201
2201
2200
2197
2197
2196
2196
2195
2193
2193
2192
2191
2190
2190
2189
2189
2188
2187
2186
2186
2186
2185
2185
2185
2185
2184
2184
2184
2184
2184
2184
2185
2184
2184
2184
2184
2185
2184
2185
2185
2186
2186
2187
2188
2189
2189
2189
2191
2191
2192
2193
2194
2195
2196
2197
2198
2199
2200
2201
2203
2204
