2131
2133
2137
2138
2141
2144
2148
2151
2155
2159
2163
2169
2175
2181
2187
2193
2199
2205
2212
2219
2225
2233
2241
2247
2255
2262
2270
2277
2285
2293
2301
2308
2316
2322
2329
2336
2343
2350
2356
2363
2369
2375
2380
2385
2391
2396
2401
2405
2409
2413
2417
2420
2424
2426
2429
2432
2434
2435
2437
2439
2439
2440
2440
2440
2440
2439
2437
2436
2434
2433
2430
2427
2425
2421
2418
2414
2411
2407
2402
2396
2390
2384
2377
2371
2365
2357
2351
2343
2336
2329
2318
2313
2306
2297
2289
2281
2274
2265
2258
2250
