2431
2427
2421
2413
2405
2398
2390
2381
2371
2364
2354
2344
2335
2324
2314
2304
2293
2283
2273
2262
2254
2242
2233
2223
2214
2205
2197
2188
2182
2173
2164
2159
2153
2146
2141
2136
2132
2128
2124
2120
2118
2115
2114
2113
2112
2112
2113
2115
2114
2119
2122
2126
2129
2133
2137
2141
2147
2154
2161
2169
2177
2184
2193
2201
2211
2219
2229
2239
2248
2258
2268
2279
2289
2299
2309
2318
2328
2337
2346
2355
2365
2372
2380
2388
2394
2401
2408
2414
2420
2425
2431
2434
2438
2442
2446
2448
2450
2452
2453
2453
