2195
2173
2152
2134
2117
2104
2093
2086
2083
2083
2085
2090
2101
2115
2131
2149
2171
2194
2219
2245
2271
2298
2324
2349
2373
2395
2416
2434
2451
2464
2475
2482
2486
2486
2484
2480
2468
2452
2435
2415
2393
2367
2341
2314
2288
2261
2235
2210
2188
2164
2144
2127
2112
2099
2090
2084
2083
2083
2087
2094
2106
2121
2137
2157
2179
2203
2229
2255
2282
2308
2333
2358
2381
2403
2423
2441
2456
2469
2478
2484
2487
2485
2483
2475
2462
2446
2428
2407
2383
2357
2332
2304
2277
2251
2225
2201
2177
2157
2137
2120
