2144
2120
2101
2087
2080
2078
2081
2092
2111
2131
2156
2187
2221
2256
2292
2327
2361
2392
2421
2445
2465
2480
2489
2492
2490
2479
2461
2438
2410
2378
2344
2308
2273
2236
2202
2171
2143
2120
2101
2087
2080
2078
2081
2092
2109
2131
2157
2188
2222
2257
2292
2328
2361
2392
2421
2445
2468
2481
2489
2492
2490
2479
2461
2438
2410
2378
2343
2307
2271
2236
2202
2171
2145
2119
2100
2086
2079
2078
2081
2092
2110
2131
2156
2188
2222
2257
2292
2328
2361
2393
2421
2446
2466
2481
2489
2493
2490
2479
2461
2437
