2504
2423
2259
2112
2071
2158
2321
2463
2497
2393
2225
2093
2080
2188
2353
2481
2486
2361
2192
2080
2093
2220
2385
2493
2470
2327
2162
2072
2110
2253
2415
2500
2449
2293
2135
2068
2133
2287
2441
2504
2422
2259
2112
2071
2161
2321
2464
2497
2393
2224
2093
2080
2188
2354
2481
2485
2361
2191
2080
2093
2221
2386
2493
2469
2327
2161
2072
2111
2254
2416
2501
2448
2292
2134
2068
2133
2285
2441
2504
2421
2258
2112
2072
2160
2322
2464
2497
2392
2223
2093
2080
2189
2355
2481
2487
2360
2191
2080
2092
2222
