2378
2395
2411
2425
2437
2449
2459
2467
2473
2477
2480
2480
2478
2474
2470
2461
2450
2437
2423
2407
2389
2370
2351
2331
2310
2289
2269
2249
2229
2210
2192
2176
2159
2145
2132
2120
2110
2101
2095
2090
2088
2088
2090
2094
2100
2106
2117
2128
2140
2155
2171
2188
2207
2226
2247
2267
2287
2307
2325
2345
2364
2381
2397
2413
2427
2439
2451
2461
2468
2474
2478
2480
2479
2477
2474
2469
2461
2448
2435
2420
2404
2386
2368
2348
2327
2307
2286
2266
2246
2226
2208
2189
2173
2157
2143
2130
2118
2108
2101
2094
