2075
2119
2199
2297
2392
2466
2500
2484
2421
2327
2226
2137
2082
2071
2108
2181
2278
2375
2455
2497
2491
2436
2346
2245
2152
2089
2069
2097
2164
2257
2356
2440
2492
2497
2451
2365
2265
2169
2098
2070
2089
2148
2239
2337
2427
2485
2502
2463
2384
2285
2186
2109
2072
2081
2134
2220
2319
2410
2478
2502
2473
2402
2305
2205
2124
2076
2076
2120
2201
2299
2394
2467
2500
2483
2419
2325
2224
2135
2081
2071
2108
2183
2279
2376
2457
2497
2490
2435
2344
2243
2151
2089
2069
2098
2166
2260
2358
2443
2493
2497
