2122
2283
2443
2069
2411
2322
2099
2492
2189
2201
2489
2093
2333
2402
2072
2449
2272
2131
2503
2146
2249
2465
2076
2380
2356
2084
2478
2222
2169
2499
2113
2298
2432
2068
2423
2307
2110
2496
2177
2215
2483
2087
2347
2388
2074
2459
2257
2141
2504
2135
2263
2456
2073
2393
2342
2090
2484
2209
2182
2496
2106
2312
2420
2068
2434
2293
2117
2499
2164
2228
2477
2082
2361
2376
2078
2467
2243
2152
2503
2126
2277
2447
2070
2405
2328
2097
2490
2195
2195
2491
2096
2327
2408
2070
2445
2278
2126
2502
2152
2242
