2253
2504
2232
2087
2401
2440
2109
2189
2493
2301
2069
2337
2481
2157
2134
2462
2369
2075
2269
2502
2219
2093
2412
2429
2101
2203
2497
2286
2073
2351
2473
2145
2144
2470
2356
2072
2285
2498
2205
2099
2424
2417
2093
2216
2500
2272
2075
2365
2466
2134
2155
2477
2341
2069
2298
2495
2192
2107
2435
2405
2087
2230
2502
2258
2078
2377
2457
2124
2167
2484
2328
2068
2312
2491
2179
2116
2445
2392
2082
2244
2504
2243
2083
2391
2449
2115
2181
2489
2312
2067
2325
2486
2167
2125
2455
2379
2078
2257
2502
2230
