2131
2124
2117
2112
2107
2104
2101
2099
2099
2100
2102
2104
2108
2112
2117
2122
2131
2139
2148
2159
2169
2180
2192
2205
2218
2231
2245
2260
2274
2288
2302
2316
2329
2343
2354
2367
2379
2390
2401
2411
2420
2429
2437
2443
2450
2456
2460
2464
2466
2467
2468
2467
2467
2463
2460
2456
2451
2445
2436
2427
2417
2406
2395
2383
2369
2356
2342
2328
2313
2298
2282
2269
2256
2242
2228
2215
2203
2190
2178
2168
2157
2147
2141
2131
2124
2117
2112
2107
2103
2101
2099
2099
2100
2101
2102
2108
2112
2117
2123
2131
