2187
2104
2070
2092
2163
2267
2374
2461
2500
2481
2405
2299
2190
2106
2070
2090
2160
2263
2370
2458
2500
2482
2409
2303
2194
2108
2070
2089
2157
2259
2366
2455
2499
2484
2413
2306
2197
2110
2071
2087
2153
2255
2363
2453
2497
2485
2416
2311
2201
2113
2072
2086
2150
2251
2360
2450
2497
2487
2419
2315
2205
2115
2072
2084
2147
2247
2355
2447
2497
2488
2423
2319
2209
2118
2074
2083
2144
2243
2352
2444
2496
2489
2425
2322
2212
2120
2074
2081
2141
2239
2350
2442
2495
2491
2429
2327
2216
2123
2074
2081
