2163
2163
2163
2163
2165
2163
2164
2165
2166
2167
2167
2169
2170
2171
2173
2174
2176
2177
2178
2180
2182
2184
2186
2188
2190
2192
2194
2197
2199
2201
2204
2205
2208
2210
2215
2217
2221
2224
2228
2231
2234
2237
2242
2243
2247
2250
2253
2257
2260
2263
2266
2270
2273
2277
2281
2284
2287
2291
2294
2298
2301
2305
2308
2311
2315
2318
2321
2324
2327
2330
2333
2336
2340
2342
2346
2348
2351
2353
2356
2358
2361
2363
2365
2368
2370
2372
2374
2376
2378
2380
2382
2383
2385
2387
2388
2389
2391
2392
2393
2394
