2241
2154
2093
2070
2088
2141
2225
2317
2404
2470
2500
2486
2431
2346
2251
2163
2098
2071
2084
2134
2214
2306
2394
2464
2498
2490
2439
2357
2262
2173
2104
2072
2081
2126
2204
2295
2385
2457
2497
2494
2448
2368
2273
2182
2111
2074
2077
2119
2193
2284
2374
2450
2494
2497
2455
2378
2285
2192
2118
2076
2074
2113
2184
2273
2365
2442
2490
2500
2461
2388
2296
2202
2125
2079
2072
2106
2173
2262
2354
2434
2487
2502
2468
2399
2307
2213
2133
2082
2069
2100
2164
2251
2344
2426
2483
2501
2473
2408
2318
2224
