2489
2494
2493
2477
2455
2425
2390
2350
2308
2266
2226
2187
2153
2124
2101
2085
2077
2076
2084
2102
2126
2156
2192
2233
2273
2315
2355
2392
2425
2453
2474
2488
2493
2493
2479
2457
2429
2394
2355
2313
2272
2230
2192
2157
2128
2103
2086
2078
2076
2083
2100
2123
2153
2189
2229
2269
2311
2351
2388
2421
2448
2472
2487
2493
2493
2481
2461
2433
2398
2359
2317
2275
2235
2196
2160
2130
2105
2087
2078
2076
2082
2098
2120
2149
2184
2224
2265
2306
2346
2384
2418
2447
2470
2486
2493
2494
2483
2463
2436
2402
