2351
2344
2339
2334
2329
2323
2317
2312
2306
2301
2292
2289
2284
2277
2273
2266
2261
2256
2250
2245
2240
2234
2229
2225
2220
2215
2210
2206
2201
2197
2193
2189
2185
2181
2178
2175
2172
2169
2166
2163
2161
2157
2156
2153
2151
2149
2148
2146
2145
2144
2143
2142
2141
2141
2141
2140
2141
2141
2142
2142
2143
2145
2146
2148
2152
2152
2154
2157
2159
2161
2164
2167
2170
2173
2177
2179
2179
2186
2191
2195
2200
2204
2209
2213
2218
2223
2228
2233
2238
2243
2248
2253
2259
2264
2270
2275
2281
2286
2292
2297
