2252
2251
2250
2249
2248
2247
2246
2245
2245
2244
2245
2242
2241
2241
2239
2239
2239
2237
2237
2236
2236
2235
2232
2233
2232
2232
2231
2231
2230
2229
2228
2228
2228
2227
2226
2225
2225
2225
2224
2224
2223
2222
2221
2221
2221
2221
2221
2220
2218
2218
2218
2218
2218
2217
2217
2217
2218
2216
2216
2216
2216
2215
2215
2214
2215
2214
2214
2214
2213
2213
2213
2213
2212
2212
2213
2212
2213
2212
2212
2212
2212
2212
2212
2212
2212
2212
2212
2212
2212
2212
2212
2213
2213
2213
2213
2213
2213
2213
2215
2213
