2389
2455
2493
2499
2466
2403
2322
2236
2158
2100
2074
2078
2115
2178
2259
2343
2418
2474
2500
2489
2444
2372
2287
2203
2132
2085
2070
2090
2137
2210
2293
2375
2444
2488
2501
2475
2418
2338
2253
2172
2109
2075
2074
2106
2164
2243
2327
2404
2465
2497
2495
2456
2388
2304
2219
2144
2091
2071
2083
2126
2194
2276
2359
2432
2482
2501
2483
2431
2355
2269
2187
2120
2080
2070
2097
2150
2226
2310
2391
2455
2493
2499
2462
2402
2321
2235
2157
2099
2072
2078
2115
2179
2260
2343
2421
2474
2499
2489
2444
2372
