2445
2434
2423
2410
2396
2380
2364
2347
2330
2312
2295
2277
2260
2242
2226
2210
2195
2180
2167
2154
2141
2132
2122
2114
2106
2101
2097
2094
2093
2093
2095
2098
2102
2107
2115
2125
2134
2145
2158
2171
2186
2201
2217
2234
2251
2269
2286
2303
2320
2336
2351
2367
2381
2395
2405
2420
2431
2441
2450
2457
2464
2469
2473
2474
2475
2474
2472
2468
2464
2458
2448
2437
2424
2413
2399
2384
2368
2351
2334
2316
2298
2281
2264
2246
2230
2213
2198
2183
2170
2157
2145
2134
2124
2115
2108
2102
2097
2094
2093
2093
