2270
2270
2271
2271
2272
2273
2273
2274
2274
2274
2275
2276
2278
2276
2277
2277
2278
2278
2281
2279
2280
2280
2281
2281
2281
2281
2282
2282
2283
2283
2284
2284
2285
2285
2285
2285
2285
2286
2287
2287
2288
2288
2288
2289
2289
2289
2290
2290
2291
2291
2292
2291
2292
2293
2295
2293
2294
2294
2294
2295
2295
2295
2297
2296
2297
2297
2296
2298
2298
2298
2296
2299
2299
2300
2300
2301
2302
2301
2302
2303
2305
2303
2304
2304
2304
2304
2305
2305
2305
2306
2307
2307
2307
2308
2306
2308
2308
2308
2309
2309
