2208
2257
2308
2355
2399
2437
2468
2487
2496
2494
2473
2444
2404
2357
2307
2257
2209
2165
2129
2099
2081
2074
2078
2097
2125
2162
2207
2255
2306
2353
2399
2437
2467
2487
2495
2495
2474
2444
2404
2358
2308
2258
2210
2166
2129
2099
2081
2075
2078
2096
2124
2161
2207
2255
2305
2353
2397
2436
2467
2487
2496
2495
2474
2445
2405
2359
2309
2259
2211
2166
2129
2100
2082
2074
2078
2096
2124
2161
2205
2254
2304
2353
2397
2436
2466
2487
2495
2495
2475
2445
2406
2360
2310
2260
2212
2167
2130
2100
2081
2074
