2145
2107
2082
2074
2080
2105
2143
2194
2251
2309
2366
2417
2457
2485
2497
2492
2466
2425
2374
2316
2257
2201
2151
2111
2084
2074
2078
2101
2138
2187
2244
2303
2360
2411
2453
2482
2497
2495
2470
2432
2381
2323
2264
2207
2156
2114
2087
2074
2075
2098
2134
2181
2237
2296
2353
2405
2449
2480
2493
2497
2473
2436
2386
2329
2271
2213
2161
2119
2089
2075
2074
2095
2129
2176
2231
2289
2347
2399
2445
2477
2494
2497
2477
2441
2393
2337
2277
2220
2167
2123
2091
2075
2074
2092
2126
2169
2224
2282
2340
2393
